1971 01 95.67
1971 02 122.0
1971 03 171.7
1971 04 225.04
1971 05 145.13
1971 06 71.58
1971 07 44.62
1971 08 7.06
1971 09 3.96
1971 10 17.98
1971 11 9.73
1971 12 7.7
1972 01 68.72
1972 02 84.87
1972 03 116.16
1972 04 149.7
1972 05 80.15
1972 06 47.36
1972 07 14.4
1972 08 25.45
1972 09 1.55
1972 10 1.3
1972 11 0.98
1972 12 69.76
1973 01 110.48
1973 02 130.26
1973 03 225.38
1973 04 323.22
1973 05 131.06
1973 06 89.07
1973 07 53.49
1973 08 12.47
1973 09 14.08
1973 10 12.55
1973 11 3.5
1973 12 27.79
1974 01 234.1
1974 02 188.93
1974 03 334.18
1974 04 427.13
1974 05 245.96
1974 06 54.28
1974 07 14.13
1974 08 2.47
1974 09 12.92
1974 10 8.62
1974 11 7.48
1974 12 44.75
1975 01 82.41
1975 02 133.11
1975 03 253.72
1975 04 168.1
1975 05 183.14
1975 06 80.38
1975 07 58.03
1975 08 7.66
1975 09 7.66
1975 10 2.23
1975 11 4.54
1975 12 44.67
1976 01 34.95
1976 02 199.42
1976 03 197.89
1976 04 127.69
1976 05 27.71
1976 06 11.86
1976 07 3.92
1976 08 3.32
1976 09 7.29
1976 10 22.49
1976 11 24.66
1976 12 17.23
1977 01 128.95
1977 02 136.23
1977 03 181.49
1977 04 208.03
1977 05 125.42
1977 06 90.42
1977 07 47.03
1977 08 1.83
1977 09 1.3
1977 10 3.88
1977 11 1.8
1977 12 43.43
1978 01 78.37
1978 02 132.54
1978 03 142.34
1978 04 168.54
1978 05 131.44
1978 06 27.83
1978 07 40.59
1978 08 3.1
1978 09 8.66
1978 10 3.8
1978 11 17.71
1978 12 19.21
1979 01 70.87
1979 02 86.36
1979 03 126.66
1979 04 103.77
1979 05 112.1
1979 06 24.1
1979 07 6.66
1979 08 3.31
1979 09 11.28
1979 10 3.3
1979 11 28.47
1979 12 9.16
1980 01 88.68
1980 02 277.21
1980 03 158.24
1980 04 46.21
1980 05 22.54
1980 06 25.5
1980 07 3.42
1980 08 0.75
1980 09 2.6
1980 10 7.64
1980 11 17.41
1980 12 14.82
1981 01 58.48
1981 02 46.16
1981 03 331.84
1981 04 72.69
1981 05 37.85
1981 06 7.38
1981 07 0.64
1981 08 2.68
1981 09 0.08
1981 10 0.36
1981 11 1.14
1981 12 50.07
1982 01 77.3
1982 02 112.1
1982 03 144.35
1982 04 158.3
1982 05 63.06
1982 06 18.1
1982 07 8.78
1982 08 3.41
1982 09 2.26
1982 10 4.08
1982 11 7.97
1982 12 12.32
1983 01 13.7
1983 02 116.7
1983 03 115.13
1983 04 59.8
1983 05 16.24
1983 06 5.74
1983 07 2.23
1983 08 1.64
1983 09 0.21
1983 10 1.25
1983 11 0.43
1983 12 8.61
1984 01 45.7
1984 02 80.88
1984 03 266.0
1984 04 325.1
1984 05 152.61
1984 06 44.65
1984 07 23.83
1984 08 9.57
1984 09 4.09
1984 10 11.67
1984 11 6.58
1984 12 13.9
1985 01 205.31
1985 02 301.36
1985 03 338.98
1985 04 404.72
1985 05 173.31
1985 06 90.95
1985 07 59.09
1985 08 10.65
1985 09 4.02
1985 10 0.56
1985 11 4.33
1985 12 115.04
1986 01 80.13
1986 02 192.15
1986 03 354.54
1986 04 292.27
1986 05 112.86
1986 06 73.44
1986 07 22.4
1986 08 12.3
1986 09 6.63
1986 10 9.85
1986 11 19.97
1986 12 11.31
1987 01 48.25
1987 02 77.11
1987 03 302.05
1987 04 95.12
1987 05 23.6
1987 06 68.62
1987 07 11.17
1987 08 1.83
1987 09 1.64
1987 10 0.73
1987 11 1.39
1987 12 1.26
1988 01 87.29
1988 02 98.43
1988 03 238.67
1988 04 263.82
1988 05 130.48
1988 06 52.64
1988 07 18.17
1988 08 0.84
1988 09 2.18
1988 10 4.48
1988 11 4.89
1988 12 83.25
1989 01 81.57
1989 02 39.07
1989 03 223.74
1989 04 363.53
1989 05 171.61
1989 06 46.32
1989 07 49.55
1989 08 8.24
1989 09 5.38
1989 10 7.03
1989 11 6.46
1989 12 138.24
1990 01 19.42
1990 02 125.29
1990 03 82.7
1990 04 141.27
1990 05 77.58
1990 06 19.2
1990 07 27.17
1990 08 5.52
1990 09 8.97
1990 10 3.72
1990 11 14.7
1990 12 5.31
1991 01 97.93
1991 02 103.25
1991 03 227.83
1991 04 135.97
1991 05 98.92
1991 06 15.31
1991 07 3.72
1991 08 0.8
1991 09 0.09
1991 10 2.81
1991 11 2.62
1991 12 0.32
1992 01 133.13
1992 02 156.2
1992 03 162.66
1992 04 116.35
1992 05 8.93
1992 06 18.75
1992 07 7.8
1992 08 0.28
1992 09 3.7
1992 10 0.33
1992 11 1.41
1992 12 1.29
1993 01 29.85
1993 02 75.26
1993 03 93.88
1993 04 75.1
1993 05 45.07
1993 06 9.38
1993 07 16.34
1993 08 1.55
1993 09 1.46
1993 10 3.42
1993 11 7.98
1993 12 17.64
1994 01 133.09
1994 02 150.83
1994 03 209.4
1994 04 191.64
1994 05 113.88
1994 06 128.07
1994 07 16.63
1994 08 0.81
1994 09 1.47
1994 10 1.29
1994 11 2.61
1994 12 64.03
1995 01 64.01
1995 02 148.2
1995 03 193.01
1995 04 267.18
1995 05 170.71
1995 06 38.38
1995 07 27.44
1995 08 0.7
1995 09 0.37
1995 10 7.51
1995 11 21.19
1995 12 6.97
1996 01 137.02
1996 02 112.73
1996 03 250.47
1996 04 280.74
1996 05 98.45
1996 06 8.61
1996 07 10.64
1996 08 11.78
1996 09 2.08
1996 10 5.54
1996 11 23.71
1996 12 9.72
1997 01 87.48
1997 02 69.31
1997 03 205.23
1997 04 161.39
1997 05 81.84
1997 06 2.6
1997 07 4.55
1997 08 3.56
1997 09 0.17
1997 10 2.41
1997 11 5.46
1997 12 30.29
1998 01 129.16
1998 02 42.75
1998 03 117.07
1998 04 63.66
1998 05 18.02
1998 06 5.78
1998 07 3.67
1998 08 3.4
1998 09 0.15
1998 10 0.61
1998 11 1.19
1998 12 17.58
1999 01 85.27
1999 02 96.59
1999 03 224.13
1999 04 117.11
1999 05 142.44
1999 06 13.95
1999 07 2.28
1999 08 0.28
1999 09 1.67
1999 10 4.2
1999 11 17.74
1999 12 64.25
2000 01 135.48
2000 02 174.62
2000 03 159.95
2000 04 214.53
2000 05 57.36
2000 06 34.68
2000 07 29.45
2000 08 30.28
2000 09 14.24
2000 10 0.92
2000 11 3.21
2000 12 37.62
2001 01 51.74
2001 02 79.75
2001 03 148.58
2001 04 191.17
2001 05 23.36
2001 06 35.23
2001 07 6.85
2001 08 1.29
2001 09 1.21
2001 10 4.01
2001 11 2.66
2001 12 28.18
2002 01 245.08
2002 02 49.4
2002 03 187.13
2002 04 176.13
2002 05 92.72
2002 06 37.32
2002 07 16.07
2002 08 0.3
2002 09 0.64
2002 10 0.37
2002 11 2.74
2002 12 10.36
2003 01 99.88
2003 02 179.35
2003 03 267.15
2003 04 156.24
2003 05 67.08
2003 06 47.4
2003 07 1.45
2003 08 1.4
2003 09 0.08
2003 10 0.93
2003 11 1.91
2003 12 12.71
2004 01 406.11
2004 02 246.13
2004 03 139.94
2004 04 82.24
2004 05 55.55
2004 06 76.48
2004 07 21.25
2004 08 2.02
2004 09 0.86
2004 10 0.48
2004 11 1.28
2004 12 6.39
2005 01 61.12
2005 02 51.11
2005 03 194.84
2005 04 94.51
2005 05 104.47
2005 06 41.76
2005 07 5.41
2005 08 1.34
2005 09 0.08
2005 10 0.03
2005 11 1.02
2005 12 28.42
2006 01 24.05
2006 02 123.96
2006 03 188.74
2006 04 206.84
2006 05 136.54
2006 06 45.76
2006 07 5.86
2006 08 3.24
2006 09 0.89
2006 10 4.5
2006 11 2.84
2006 12 22.24
2007 01 24.04
2007 02 246.51
2007 03 120.21
2007 04 154.62
2007 05 48.87
2007 06 29.71
2007 07 4.61
2007 08 0.34
2007 09 0.16
2007 10 0.28
2007 11 1.64
2007 12 38.94
2008 01 99.08
2008 02 95.53
2008 03 332.53
2008 04 239.09
2008 05 104.75
2008 06 17.8
2008 07 10.81
2008 08 9.47
2008 09 0.33
2008 10 0.49
2008 11 0.44
2008 12 12.79
2009 01 111.93
2009 02 143.89
2009 03 207.9
2009 04 380.45
2009 05 244.82
2009 06 64.36
2009 07 40.29
2009 08 16.57
2009 09 0.72
2009 10 1.89
2009 11 1.85
2009 12 11.05
2010 01 88.9
2010 02 24.45
2010 03 73.68
2010 04 159.52
2010 05 44.62
2010 06 26.17
2010 07 2.85
2010 08 0.04
2010 09 0.03
2010 10 32.52
2010 11 1.56
2010 12 88.2
2011 01 212.87
2011 02 169.63
2011 03 156.43
2011 04 196.89
2011 05 136.09
2011 06 31.23
2011 07 50.23
2011 08 11.46
2011 09 0.53
2011 10 50.54
2011 11 12.84
2011 12 5.79
2012 01 53.96
2012 02 138.1
2012 03 93.19
2012 04 52.61
2012 05 18.57
2012 06 19.47
2012 07 6.55
2012 08 0.26
2012 09 0.14
2012 10 0.27
2012 11 1.69
2012 12 4.03
2013 01 37.6
2013 02 61.56
2013 03 78.44
2013 04 132.14
2013 05 92.23
2013 06 60.55
2013 07 29.7
2013 08 1.37
2013 09 0.44
2013 10 2.65
2013 11 17.85
2013 12 36.7
2014 01 46.63
2014 02 91.93
2014 03 158.26
2014 04 124.93
2014 05 85.05
2014 06 10.17
2014 07 5.22
2014 08 0.25
2014 09 2.44
2014 10 10.12
2014 11 24.73
2014 12 5.8
2015 01 27.78
2015 02 96.25
2015 03 178.42
2015 04 106.37
2015 05 37.69
2015 06 36.56
2015 07 36.5
2015 08 0.83
2015 09 0.25
2015 10 0.28
2015 11 0.12
2015 12 11.6
2016 01 191.84
2016 02 53.17
2016 03 129.36
2016 04 97.36
2016 05 47.41
2016 06 17.64
2016 07 1.04
2016 08 0.06
2016 09 0.74
2016 10 0.17
2016 11 0.55
2016 12 27.49
2017 01 68.63
2017 02 159.99
2017 03 206.71
2017 04 116.45
2017 05 69.59
2017 06 26.66
2017 07 30.66
2017 08 2.13
2017 09 1.31
2017 10 5.38
2017 11 7.93
2017 12 22.71
